0 1
26 29
0 2
14 16
14 17
0 5
1 2
1 5
2 3
26 27
26 28
26 29
27 28
27 29
2 4
2 5
4 5
23 24
24 25
24 26
8 11
9 10
24 27
24 28
24 29
25 26
25 27
5 6
6 7
27 28
27 29
3 4
3 5
26 27
26 28
6 8
6 9
12 15
12 16
12 17
6 10
6 11
7 8
7 11
8 9
8 10
1 3
1 4
9 11
10 11
11 12
0 3
0 4
12 13
12 14
13 14
13 15
7 9
7 10
13 16
13 17
14 15
15 16
15 17
16 17
17 18
18 19
18 20
18 21
18 22
18 23
19 20
19 21
19 22
19 23
20 21
20 22
20 23
21 22
21 23
22 23
25 28
25 29
28 29
29 0